import pandas
import matplotlib.pyplot as plt

from pandas import DataFrame

df = pandas.read_csv('C:\\Users\codio\Documents\Research Files\DiffusionCSV.csv')

#################################################
            Concentration 
              (mg/mL)	              D/Do
0	           1	            0.993066
1	           1	            0.948229
2	           1	            0.891192
3	           1	            0.944162
4	           2	            0.920385
5	           2	            0.924327
6	           2	            0.887278
7	           2	            0.843062
8	           2	            0.893763
9	           3	            0.906429
10	           3	            0.862831
11	           3	            0.850675
12	           3	            0.878197
13	           3	            0.874533
14	           4	            0.731483
15	           4	            0.734383
16	           4	            0.736474
17	           4	            0.736338
18	           4	            0.734670
19	           5	            0.708475
20	           5	            0.642543
21	           5	            0.681791
22	           5	            0.681489
23	           5	            0.678574
24	           6	            0.727139
25	           6	            0.720892
26	           6	            0.703201
27	           6	            0.708671
28	           6	            0.714976
#####################################################


df.boxplot(y,x)
